 0
 0
 0
 0
 0
 0
 0
 0
 0
 0
 0
 0
 0
 0
 0
 0
 0
 0
 0
 0
 0
 0
 0
 0
 0
 0
 0
 0
 0
 0
 0
 0
 0
 0
 0
 0
 0
 0
 0
 0
 0
 0
 0
 0
 0
 0
 0
 0
 0
 0
 0
 0
 0
 0
 0
 0
 0
 0
 0
 0
 0
 0
 0
 0
 0
 0
 0
 0
 0
 0
 0
 0
 0
 0
 0
 0
 0
 0
 0
 0
 0
 0
 0
 0
 0
 0
 0
 0
 0
 0
 0
 0
 0
 0
 0
 0
 0
 0
 0
 0
 0
 0
 0
 0
 0
 0
 0
 0
 0
 0
 0
 0
 0
 0
 0
 0
 0
 0
 0
 0
 0
 0
 0
 0
 0
 0
 0
 0
 0
 0
 0
 0
 0
 0
 0
 0
 0
 0
 0
 0
 0
 0
 0
 0
 0
 0
 0
 0
 0
 0
 0
 0
 0
 0
 0
 0
 0
 0
 0
 0
 0
 0
 0
 0
 0
 0
 0
 0
 0
 0
 0
 0
 0
 0
 0
 0
 0
 0
 0
 0
 0
 0
 0
 0
 0
 0
 0
 0
 0
 0
 0
 0
 0
 0
 0
 0
 0
 0
 0
 0
 0
 0
 0
 0
 0
 0
 0
 0
 0
 0
 0
 0
 0
 0
 0
 0
 0
 0
 0
 0
 0
 0
 0
 0
 0
 0
 0
 0
 0
 0
 0
 0
 0
 0
 0
 0
 0
 0
 0
 0
 0
 0
 0
 0
 0
 0
 0
 0
 0
 0
 0
 0
 0
 0
 0
 0
 0
 0
 0
 0
 0
 0
 0
 0
 0
 0
 0
 .0100
 .0100
 .0100
 .0100
 .0100
 .0100
 .0100
 .0100
 .0100
 .0100
 .0100
 .0100
 .0100
 .0100
 .0100
 .0100
 .0100
 .0100
 .0100
 .0100
 .0100
 .0100
 .0100
 .0100
 .0100
 .0100
 .0100
 .0100
 .0100
 .0100
 .0100
 .0100
 .0100
 .0100
 .0100
 .0100
 .0100
 .0100
 .0100
 .0100
 .0100
 .0100
 .0100
 .0100
 .0100
 .0100
 .0100
 .0100
 .0100
 .0100
 .0100
 .0100
 .0100
 .0100
 .0100
 .0100
 .0100
 .0100
 .0100
 .0100
 .0100
 .0100
 .0100
 .0100
 .0100
 .0100
 .0100
 .0100
 .0100
 .0100
 .0100
 .0100
 .0100
 .0100
 .0100
 .0100
 .0100
 .0100
 .0100
 .0100
 .0100
 .0100
 .0100
 .0100
 .0100
 .0100
 .0100
 .0100
 .0100
 .0100
 .0100
 .0200
 .0200
 .0200
 .0200
 .0200
 .0200
 .0200
 .0200
 .0200
 .0200
 .0200
 .0200
 .0200
 .0200
 .0200
 .0200
 .0200
 .0200
 .0200
 .0200
 .0200
 .0200
 .0200
 .0200
 .0200
 .0200
 .0200
 .0200
 .0200
 .0200
 .0200
 .0200
 .0200
 .0300
 .0300
 .0300
 .0300
 .0300
 .0300
 .0300
 .0300
 .0300
 .0300
 .0300
 .0300
 .0300
 .0300
 .0300
 .0300
 .0300
 .0400
 .0400
 .0400
 .0400
 .0400
 .0400
 .0400
 .0400
 .0400
 .0400
 .0400
 .0400
 .0400
 .0400
 .0500
 .0500
 .0500
 .0500
 .0500
 .0500
 .0500
 .0500
 .0600
 .0600
 .0600
 .0600
 .0600
 .0700
 .0700
 .0700
 .0800
 .0800
 .0800
 .0800
 .0900
 .0900
 .0900
 .0900
 .1000
 .1200
 .1300
 .1300
 .1400
 .1600
 .1800
 .3000
