 6.55
 8.15
 8.87
 8.88
 9.03
 9.41
 9.83
 9.97
 10.96
 11.07
 11.43
 11.63
 11.77
 11.83
 12.14
 12.15
 12.33
 12.58
 12.92
 12.92
 12.92
 12.97
 13.40
 13.59
 13.74
 13.82
 13.85
 13.95
 14.35
 14.42
 14.75
 14.80
 14.97
 15.14
 15.22
 15.31
 15.66
 15.71
 15.72
 15.75
 15.76
 15.86
 15.96
 16.02
 16.05
 16.11
 16.12
 16.14
 16.18
 16.30
 16.49
 16.50
 16.53
 16.54
 16.58
 16.59
 16.63
 16.89
 16.91
 16.95
 16.98
 17.05
 17.08
 17.16
 17.32
 17.41
 17.45
 17.49
 17.56
 17.59
 17.60
 17.74
 17.97
 18.07
 18.09
 18.14
 18.20
 18.25
 18.30
 18.32
 18.35
 18.41
 18.45
 18.51
 18.52
 18.61
 18.61
 18.65
 18.81
 18.82
 18.87
 18.94
 19.01
 19.02
 19.02
 19.15
 19.37
 19.41
 19.46
 19.49
 19.52
 19.58
 19.63
 19.64
 19.93
 20.04
 20.05
 20.05
 20.06
 20.07
 20.15
 20.24
 20.31
 20.33
 20.42
 20.45
 20.48
 20.52
 20.55
 20.68
 20.73
 20.74
 20.74
 20.86
 21.06
 21.07
 21.09
 21.09
 21.21
 21.24
 21.29
 21.46
 21.46
 21.47
 21.69
 21.71
 21.76
 21.76
 21.80
 21.88
 21.89
 21.97
 22.18
 22.36
 22.44
 22.45
 22.47
 22.53
 22.70
 22.76
 22.79
 22.80
 22.80
 22.85
 22.87
 22.92
 22.97
 22.99
 23.08
 23.12
 23.21
 23.29
 23.32
 23.42
 23.51
 23.53
 23.62
 23.62
 23.65
 23.67
 23.72
 23.78
 23.82
 23.98
 24.13
 24.23
 24.25
 24.33
 24.36
 24.43
 24.47
 24.49
 24.52
 24.73
 24.74
 24.76
 24.92
 24.94
 24.99
 25.06
 25.13
 25.17
 25.25
 25.25
 25.46
 25.46
 25.46
 25.50
 25.56
 25.62
 25.84
 25.85
 25.98
 26.07
 26.31
 26.34
 26.47
 26.52
 26.60
 26.62
 26.65
 26.71
 26.73
 26.76
 26.78
 26.80
 26.81
 26.92
 27.15
 27.38
 27.46
 27.55
 27.56
 27.82
 27.85
 27.93
 27.97
 28.03
 28.17
 28.18
 28.18
 28.31
 28.31
 28.33
 28.37
 28.41
 28.46
 28.49
 28.57
 28.70
 28.77
 28.82
 28.82
 28.88
 28.90
 28.97
 29.14
 29.15
 29.20
 29.25
 29.29
 29.36
 29.43
 29.44
 29.45
 29.46
 29.47
 29.67
 29.78
 29.81
 29.93
 29.99
 30.04
 30.04
 30.11
 30.31
 30.40
 30.44
 30.54
 30.54
 30.57
 30.59
 30.82
 30.84
 30.90
 30.95
 31.10
 31.14
 31.15
 31.17
 31.23
 31.25
 31.25
 31.35
 31.36
 31.42
 31.49
 31.69
 31.72
 31.75
 31.76
 31.84
 31.85
 31.87
 31.93
 31.95
 31.96
 31.99
 32.00
 32.02
 32.12
 32.18
 32.21
 32.31
 32.31
 32.33
 32.36
 32.37
 32.48
 32.55
 32.57
 32.59
 32.65
 32.84
 32.86
 32.93
 32.98
 33.06
 33.07
 33.12
 33.21
 33.49
 33.67
 33.67
 33.74
 33.79
 33.93
 34.00
 34.08
 34.14
 34.32
 34.46
 34.48
 34.58
 34.60
 34.65
 34.69
 34.70
 34.76
 34.91
 34.92
 34.99
 35.08
 35.13
 35.18
 35.28
 35.30
 35.44
 35.47
 35.53
 35.54
 35.54
 35.77
 35.89
 35.89
 36.08
 36.34
 36.35
 36.45
 36.71
 36.75
 36.77
 36.90
 37.25
 37.25
 37.51
 37.52
 37.63
 37.68
 37.84
 37.99
 38.12
 38.35
 38.40
 38.41
 38.52
 38.59
 38.73
 38.91
 38.91
 39.10
 39.33
 39.83
 39.83
 39.94
 40.01
 40.59
 40.63
 40.73
 40.79
 41.08
 41.44
 42.17
 42.19
 42.42
 42.73
 42.92
 42.94
 43.51
 44.25
 44.74
 44.96
 45.07
 45.11
 45.20
 45.40
 46.73
 46.89
 47.22
 47.79
 48.00
 48.20
 48.32
 48.34
 48.50
 49.52
 50.41
 50.42
 50.43
 51.84
 53.31
 53.88
 55.25
 55.64
 56.08
 56.79
 57.42
 57.52
 60.48
 62.67
 63.88
 65.22
 65.61
 65.82
 66.46
 68.20
 72.36
 73.16
 75.00
 80.27
 83.66
 84.09
 84.54
 85.67
 87.24
 89.68
 98.32
 99.73
 114.57
 119.34
 121.12
 167.94
 185.12
 227.32
